id 1
start 0 0
enemy ship 1000 1000 200 5000000 5 4 1700 700 1000
enemy ship -1000 -1000 200 5000000 5 4 1700 700 1000
enemy ship -1000 1000 200 5000000 5 4 1700 700 1000
enemy ship 1000 -1000 200 5000000 5 4 1700 700 1000
enemy ship 700 1100 200 5000000 5 4 1700 700 1000
enemy ship 1000 900 200 5000000 5 4 1700 700 1000
enemy ship -1100 -800 5000000 5 4 1700 700 1000
enemy ship -400 -150 200 5000000 5 4 1700 700 1000
enemy ship -600 -300 200 5000000 5 4 1700 700 1000
enemy ship -800 0 200 5000000 5 4 1700 700 1000
enemy ship -1000 1100 200 5000000 5 4 1700 700 1000
enemy ship -300 1200 200 5000000 5 4 1700 700 1000
enemy ship -1150 300 200 5000000 5 4 1700 700 1000
enemy ship -300 400 200 5000000 5 4 1700 700 1000
enemy ship -200 500 200 5000000 5 4 1700 700 1000
enemy ship -100 1000 200 5000000 5 4 1700 700 1000
enemy ship 900 900 200 5000000 5 4 1700 700 1000
enemy ship -900 -900 200 5000000 5 4 1700 700 1000
enemy ship -900 900 200 5000000 5 4 1700 700 1000
enemy ship 900 -900 200 5000000 5 4 1700 700 1000
enemy ship 600 1000 200 5000000 5 4 1700 700 1000
enemy ship 800 700 200 5000000 5 4 1700 700 1000
enemy ship -600 -500 5000000 5 4 1700 700 1000
enemy ship -400 -150 200 5000000 5 4 1700 700 1000
enemy ship -600 -300 200 5000000 5 4 1700 700 1000
enemy ship -800 0 200 5000000 5 4 1700 700 1000
enemy ship -600 300 200 5000000 5 4 1700 700 1000
enemy ship -300 1200 200 5000000 5 4 1700 700 1000
enemy ship -1150 300 200 5000000 5 4 1700 700 1000
enemy ship -300 500 200 5000000 5 4 1700 700 1000
enemy ship -200 300 200 5000000 5 4 1700 700 1000
enemy ship -100 100 200 5000000 5 4 1700 700 1000
